posImg\FudanPed00001.png 2 413 167 124 324 157 176 149 255
posImg\FudanPed00002.png 2 64 91 128 291 144 98 92 280
posImg\FudanPed00003.png 1 294 130 161 295
posImg\FudanPed00004.png 3 161 56 172 285 8 57 50 120 1 63 39 126
posImg\FudanPed00005.png 2 178 52 148 286 2 48 44 109
posImg\FudanPed00006.png 3 232 105 121 287 1 100 91 284 30 90 82 269
posImg\FudanPed00007.png 5 107 65 122 285 381 80 152 294 452 70 83 290 312 104 40 89 346 104 18 66
posImg\FudanPed00008.png 3 246 153 126 284 45 178 73 193 0 177 44 207
posImg\FudanPed00009.png 2 306 135 150 290 157 116 141 281
posImg\FudanPed00010.png 1 280 86 99 293
posImg\FudanPed00011.png 1 276 111 157 286
posImg\FudanPed00012.png 2 150 65 150 301 324 52 119 280
posImg\FudanPed00013.png 1 380 192 177 297
posImg\FudanPed00014.png 2 267 78 90 290 332 77 97 290
posImg\FudanPed00015.png 7 19 42 158 285 2 52 38 92 131 49 27 65 227 47 13 38 47 56 16 40 34 61 18 41 114 56 23 55
posImg\FudanPed00016.png 4 87 77 123 306 290 93 113 268 401 101 94 281 245 95 54 166
posImg\FudanPed00017.png 3 117 47 105 284 118 49 46 209 1 53 24 61
posImg\FudanPed00018.png 1 21 19 100 290
posImg\FudanPed00019.png 2 186 116 154 307 9 130 127 263
posImg\FudanPed00020.png 1 361 91 146 286
posImg\FudanPed00021.png 3 318 73 148 293 237 90 31 75 47 89 22 69
posImg\FudanPed00022.png 4 394 165 121 289 308 200 70 135 109 165 102 283 2 143 76 306
posImg\FudanPed00023.png 1 205 81 147 290
posImg\FudanPed00024.png 1 97 80 168 289
posImg\FudanPed00025.png 6 227 66 160 292 43 86 52 171 134 70 57 183 219 69 43 193 312 59 79 213 182 54 50 201
posImg\FudanPed00026.png 2 39 71 113 318 183 85 98 290
posImg\FudanPed00027.png 2 93 40 160 297 13 62 37 103
posImg\FudanPed00028.png 2 6 14 144 294 175 14 139 312
posImg\FudanPed00029.png 2 242 70 124 284 32 78 97 233
posImg\FudanPed00030.png 1 67 78 140 301
posImg\FudanPed00031.png 1 288 123 150 291
posImg\FudanPed00032.png 1 447 159 129 297
posImg\FudanPed00033.png 1 161 52 149 294
posImg\FudanPed00034.png 1 109 32 146 302
posImg\FudanPed00035.png 1 58 37 137 294
posImg\FudanPed00036.png 5 130 96 148 300 238 130 91 239 723 139 71 209 281 123 50 227 795 117 145 267
posImg\FudanPed00037.png 3 260 59 146 292 185 96 28 73 153 98 16 86
posImg\FudanPed00038.png 1 216 41 174 291
posImg\FudanPed00039.png 2 227 127 103 285 129 131 75 182
posImg\FudanPed00040.png 2 201 155 78 286 280 165 93 268
posImg\FudanPed00041.png 4 283 177 68 264 355 158 75 282 0 151 68 353 44 183 67 209
posImg\FudanPed00042.png 5 158 178 98 294 294 155 89 317 379 170 73 171 507 162 80 384 447 273 109 273
posImg\FudanPed00043.png 7 449 150 41 196 263 124 74 313 161 132 65 309 77 137 59 290 223 137 35 276 128 140 39 269 43 150 44 227
posImg\FudanPed00044.png 5 41 126 144 365 236 169 108 298 338 170 97 293 432 155 79 260 407 147 41 213
posImg\FudanPed00045.png 8 397 204 74 294 317 194 86 306 200 187 68 296 259 192 63 226 162 189 57 171 87 192 53 158 135 191 34 149 443 180 40 236
posImg\FudanPed00046.png 7 447 94 54 226 187 114 67 300 303 108 66 230 236 112 74 225 522 116 44 144 362 119 62 151 147 119 34 134
posImg\FudanPed00047.png 6 291 194 69 288 104 192 132 312 40 188 45 240 395 179 35 126 354 181 35 114 442 175 29 166
posImg\FudanPed00048.png 7 474 260 103 285 175 217 78 283 10 242 71 296 75 227 76 225 321 246 46 131 446 243 17 48 481 245 24 58
posImg\FudanPed00049.png 4 125 115 87 296 210 106 110 293 312 101 123 285 385 121 61 178
posImg\FudanPed00050.png 2 30 194 105 293 280 200 93 216
posImg\FudanPed00051.png 1 118 187 109 294
posImg\FudanPed00052.png 1 204 189 103 298
posImg\FudanPed00053.png 1 91 163 106 271
posImg\FudanPed00054.png 4 91 133 94 288 281 105 77 225 367 114 66 222 487 114 30 80
posImg\FudanPed00055.png 1 144 178 134 362
posImg\FudanPed00056.png 3 433 242 105 278 274 250 74 280 201 247 79 293
posImg\FudanPed00057.png 6 28 88 95 331 131 88 79 275 236 81 73 289 344 112 43 162 392 114 32 144 5 99 26 130
posImg\FudanPed00058.png 8 154 82 104 384 286 97 67 191 355 92 56 183 424 121 20 64 457 119 18 56 474 129 15 56 495 119 20 87 43 118 22 100
posImg\FudanPed00059.png 3 42 43 85 292 158 36 86 292 277 45 90 288
posImg\FudanPed00060.png 4 193 130 90 293 391 150 99 272 391 150 99 272 289 127 98 298
posImg\FudanPed00061.png 4 429 79 77 313 345 76 78 305 190 67 72 287 161 68 42 239
posImg\FudanPed00062.png 2 172 22 85 305 290 30 93 305
posImg\FudanPed00063.png 6 20 30 89 307 159 41 101 288 309 49 24 52 137 38 52 184 293 50 10 28 304 48 9 31
posImg\FudanPed00064.png 3 159 89 90 301 317 93 84 304 401 108 122 299
posImg\FudanPed00065.png 5 25 67 127 313 146 76 98 317 233 68 87 330 333 80 84 274 15 58 41 126
posImg\FudanPed00066.png 1 238 48 101 306
posImg\FudanPed00067.png 1 59 74 135 305
posImg\FudanPed00068.png 1 245 59 81 304
posImg\FudanPed00069.png 1 210 64 115 305
posImg\FudanPed00070.png 1 287 66 84 309
posImg\FudanPed00071.png 1 135 34 115 306
posImg\FudanPed00072.png 1 36 32 113 301
posImg\FudanPed00073.png 2 184 51 111 308 49 52 121 311
posImg\FudanPed00074.png 2 40 46 89 307 178 55 90 299
posImg\PennPed00001.png 7 82 59 106 308 261 65 106 275 400 30 99 318 512 66 97 263 371 65 42 157 204 22 55 176 516 32 36 95
posImg\PennPed00002.png 8 20 84 82 224 77 41 96 258 77 41 96 258 123 58 50 171 260 77 114 226 381 24 127 327 512 92 91 230 576 64 147 296
posImg\PennPed00003.png 3 13 25 173 348 441 56 92 317 532 79 120 309
posImg\PennPed00004.png 5 66 49 106 362 153 85 102 318 221 83 113 309 416 95 100 302 599 106 114 298
posImg\PennPed00005.png 5 57 127 102 285 152 151 107 261 258 146 168 291 517 162 155 285 598 158 110 247
posImg\PennPed00006.png 4 225 91 109 301 452 104 132 328 1 100 73 308 39 82 106 276
posImg\PennPed00007.png 5 64 50 89 310 145 78 62 284 191 70 127 302 297 71 94 336 435 66 91 292
posImg\PennPed00008.png 4 49 67 135 301 193 64 117 262 264 77 138 275 333 47 97 239
posImg\PennPed00009.png 7 478 85 80 316 164 84 68 263 40 85 96 216 233 80 65 246 314 77 88 301 449 74 49 191 575 87 51 187
posImg\PennPed00010.png 7 189 50 74 291 267 119 72 207 303 138 127 352 467 76 152 377 396 55 91 372 19 60 101 286 561 29 125 368
posImg\PennPed00011.png 2 87 57 151 290 250 46 64 311
posImg\PennPed00012.png 1 114 113 98 292
posImg\PennPed00013.png 4 93 74 130 287 248 84 121 283 378 70 111 294 210 84 52 114
posImg\PennPed00014.png 4 348 51 97 298 209 67 107 276 126 37 75 202 290 32 52 199
posImg\PennPed00015.png 3 119 89 176 329 295 74 169 310 746 89 100 296
posImg\PennPed00016.png 3 226 90 114 292 462 68 109 309 82 46 64 329
posImg\PennPed00017.png 2 96 46 104 341 267 44 124 314
posImg\PennPed00018.png 2 66 29 85 301 196 58 59 256
posImg\PennPed00019.png 6 14 70 83 291 157 68 91 292 303 56 82 295 381 34 94 342 458 62 67 306 522 78 119 303
posImg\PennPed00020.png 3 150 111 126 282 396 71 101 316 474 68 101 300
posImg\PennPed00021.png 3 68 99 160 327 469 71 113 343 564 103 105 284
posImg\PennPed00022.png 6 696 125 146 273 670 118 92 279 220 139 150 280 125 150 145 258 19 120 159 285 337 145 109 211
posImg\PennPed00023.png 1 95 43 181 326
posImg\PennPed00024.png 1 69 41 107 317
posImg\PennPed00025.png 2 68 21 140 292 382 1 35 76
posImg\PennPed00026.png 2 296 84 151 304 195 104 107 275
posImg\PennPed00027.png 3 341 81 91 253 205 71 128 299 129 91 92 272
posImg\PennPed00028.png 1 190 45 157 300
posImg\PennPed00029.png 4 117 56 90 322 250 89 112 304 359 90 111 302 484 96 107 299
posImg\PennPed00030.png 3 324 38 122 302 136 34 125 311 1 27 106 315
posImg\PennPed00031.png 1 244 31 136 301
posImg\PennPed00032.png 1 93 36 116 294
posImg\PennPed00033.png 4 380 61 135 301 261 130 140 212 110 44 107 334 32 36 98 341
posImg\PennPed00034.png 3 390 61 104 296 305 52 115 309 120 60 169 338
posImg\PennPed00035.png 4 348 36 212 310 161 19 132 328 124 31 83 305 593 4 29 125
posImg\PennPed00036.png 3 49 47 123 311 489 32 162 305 597 0 45 82
posImg\PennPed00037.png 1 224 15 112 297
posImg\PennPed00038.png 1 211 30 162 299
posImg\PennPed00039.png 2 328 70 91 289 234 20 113 217
posImg\PennPed00040.png 1 198 31 146 305
posImg\PennPed00041.png 1 330 91 144 291
posImg\PennPed00042.png 2 268 28 111 293 385 28 124 289
posImg\PennPed00043.png 4 185 43 113 299 329 60 120 282 131 67 77 190 430 63 28 92
posImg\PennPed00044.png 4 63 36 109 284 245 62 83 221 324 51 104 226 180 70 41 124
posImg\PennPed00045.png 6 63 57 143 312 217 64 108 287 321 57 125 290 524 38 120 319 421 61 68 160 491 61 50 153
posImg\PennPed00046.png 3 307 15 127 306 10 50 100 264 418 53 26 64
posImg\PennPed00047.png 3 114 50 142 276 254 30 134 295 199 34 56 139
posImg\PennPed00048.png 3 256 15 122 357 111 34 102 290 24 34 94 288
posImg\PennPed00049.png 4 72 36 106 309 174 38 90 301 307 69 63 179 244 77 70 159
posImg\PennPed00050.png 2 87 38 128 260 52 27 62 210
posImg\PennPed00051.png 4 34 43 172 294 297 63 179 314 446 28 142 359 550 62 94 284
posImg\PennPed00052.png 6 158 174 147 317 55 120 116 320 274 168 59 153 382 152 117 254 510 74 104 101 523 133 95 259
posImg\PennPed00053.png 2 160 22 117 312 7 20 140 310
posImg\PennPed00054.png 1 32 22 109 287
posImg\PennPed00055.png 2 92 45 113 291 15 6 119 286
posImg\PennPed00056.png 3 169 105 108 298 131 115 71 273 247 90 68 303
posImg\PennPed00057.png 2 155 58 111 297 184 17 70 276
posImg\PennPed00058.png 4 154 26 87 300 328 64 137 292 218 26 94 280 297 20 95 265
posImg\PennPed00059.png 2 84 38 98 306 369 32 149 289
posImg\PennPed00060.png 5 40 27 99 300 269 80 108 257 374 23 104 308 184 22 95 213 111 28 93 194
posImg\PennPed00061.png 2 31 11 115 301 231 45 44 101
posImg\PennPed00062.png 5 171 34 118 271 61 14 123 288 316 45 56 190 0 37 57 194 264 50 49 174
posImg\PennPed00063.png 2 87 44 183 299 166 18 97 306
posImg\PennPed00064.png 1 220 20 116 293
posImg\PennPed00065.png 1 19 15 125 294
posImg\PennPed00066.png 3 5 63 137 303 72 23 130 335 256 23 153 303
posImg\PennPed00067.png 1 31 8 166 296
posImg\PennPed00068.png 4 174 50 140 305 37 78 135 293 377 45 81 190 421 30 158 322
posImg\PennPed00069.png 2 155 38 123 280 49 35 110 299
posImg\PennPed00070.png 2 176 10 139 320 4 9 134 335
posImg\PennPed00071.png 5 40 10 140 360 264 35 125 277 461 18 110 293 594 10 125 297 562 49 47 136
posImg\PennPed00072.png 2 123 16 141 328 273 43 161 293
posImg\PennPed00073.png 3 303 40 109 300 178 39 116 306 95 30 101 309
posImg\PennPed00074.png 3 254 27 160 295 197 23 81 277 106 37 119 271
posImg\PennPed00075.png 1 190 14 147 291
posImg\PennPed00076.png 1 180 22 141 309
posImg\PennPed00077.png 1 53 19 143 303
posImg\PennPed00078.png 1 195 45 132 317
posImg\PennPed00079.png 1 196 19 130 306
posImg\PennPed00080.png 3 63 38 116 306 181 38 131 289 304 44 109 290
posImg\PennPed00081.png 3 327 65 129 307 230 42 116 329 147 64 85 313
posImg\PennPed00082.png 1 76 12 158 301
posImg\PennPed00083.png 2 103 23 162 304 26 12 105 291
posImg\PennPed00084.png 3 159 38 155 310 261 21 99 316 146 88 62 174
posImg\PennPed00085.png 2 78 20 127 307 228 25 146 311
posImg\PennPed00086.png 7 331 18 130 309 201 38 117 284 65 160 129 193 16 29 65 229 110 58 52 147 166 102 32 82 178 60 51 138
posImg\PennPed00087.png 1 14 5 149 327
posImg\PennPed00088.png 1 55 17 168 296
posImg\PennPed00089.png 2 136 0 175 308 74 19 78 276
posImg\PennPed00090.png 3 205 35 176 300 74 17 147 350 29 32 127 333
posImg\PennPed00091.png 1 206 14 132 307
posImg\PennPed00092.png 2 281 90 188 308 96 77 223 360
posImg\PennPed00093.png 1 45 1 185 304
posImg\PennPed00094.png 1 110 17 153 311
posImg\PennPed00095.png 2 306 49 136 295 184 35 143 308
posImg\PennPed00096.png 2 99 17 118 309 3 23 98 303
