posImg\FudanPed00001.png 2 208 181 44 40 415 165 63 58
posImg\FudanPed00002.png 1 106 87 50 53
posImg\FudanPed00003.png 1 343 134 49 48
posImg\FudanPed00004.png 1 210 59 55 51
posImg\FudanPed00005.png 1 220 52 45 48
posImg\FudanPed00006.png 3 260 108 44 45 29 91 48 43 0 108 28 43
posImg\FudanPed00007.png 2 132 69 47 40 416 72 46 50
posImg\FudanPed00008.png 2 276 158 50 45 46 174 34 33
posImg\FudanPed00009.png 2 219 118 42 50 369 142 36 44
posImg\FudanPed00010.png 1 290 84 48 56
posImg\FudanPed00011.png 1 304 111 59 49
posImg\FudanPed00012.png 2 198 59 69 63 380 56 44 45
posImg\FudanPed00013.png 1 428 188 62 57
posImg\FudanPed00014.png 2 274 84 53 47 333 78 42 47
posImg\FudanPed00015.png 1 65 36 48 58
posImg\FudanPed00016.png 3 113 80 54 50 316 93 41 40 419 101 43 37
posImg\FudanPed00017.png 2 156 46 47 50 125 52 35 40
posImg\FudanPed00018.png 1 29 13 48 54
posImg\FudanPed00019.png 2 225 114 62 63 43 132 41 44
posImg\FudanPed00020.png 1 385 94 52 49
posImg\FudanPed00021.png 1 352 73 43 56
posImg\FudanPed00022.png 3 1 142 35 47 444 168 43 43 328 198 22 26
posImg\FudanPed00023.png 1 254 81 40 55
posImg\FudanPed00024.png 1 157 82 42 51
posImg\FudanPed00025.png 5 271 67 39 42 308 59 43 38 52 84 33 29 116 68 30 37 232 55 23 22
posImg\FudanPed00026.png 1 207 87 35 40
posImg\FudanPed00027.png 1 161 40 42 55
posImg\FudanPed00028.png 3 73 16 40 40 229 17 53 51 300 29 16 23
posImg\FudanPed00029.png 2 58 74 40 48 266 70 49 46
posImg\FudanPed00030.png 1 111 77 51 54
posImg\FudanPed00031.png 1 332 121 41 49
posImg\FudanPed00032.png 1 484 158 39 60
posImg\FudanPed00033.png 2 207 50 43 50 340 82 26 32
posImg\FudanPed00034.png 1 163 37 41 45
posImg\FudanPed00035.png 1 116 38 43 41
posImg\FudanPed00036.png 4 199 94 38 54 246 128 43 48 283 124 42 41 840 116 44 49
posImg\FudanPed00037.png 1 307 59 47 47
posImg\FudanPed00038.png 1 279 42 42 51
posImg\FudanPed00039.png 1 257 130 35 41
posImg\FudanPed00040.png 2 224 158 38 44 303 166 37 41
posImg\FudanPed00041.png 4 4 152 52 71 59 183 30 39 365 161 30 42 390 148 25 39
posImg\FudanPed00042.png 2 172 179 44 56 307 154 51 59
posImg\FudanPed00043.png 6 131 136 36 48 89 133 37 47 222 138 35 49 265 121 51 53 461 152 31 28 55 157 26 35
posImg\FudanPed00044.png 5 91 127 56 52 276 166 49 53 364 170 41 52 347 166 26 30 415 143 32 48
posImg\FudanPed00045.png 7 351 198 40 44 404 204 50 59 448 182 25 42 263 192 37 45 166 185 24 31 143 195 20 32 108 199 27 32
posImg\FudanPed00046.png 6 155 116 25 32 194 119 44 49 242 120 38 37 288 108 24 33 444 100 38 37 489 103 20 25
posImg\FudanPed00047.png 6 157 191 50 58 105 191 38 46 42 187 32 47 248 188 35 37 361 186 19 23 394 182 19 23
posImg\FudanPed00048.png 5 492 260 43 52 193 217 37 52 162 230 33 41 90 228 32 38 22 240 40 50
posImg\FudanPed00049.png 3 210 103 47 51 383 105 52 44 421 129 23 37
posImg\FudanPed00050.png 2 61 199 38 50 313 213 37 35
posImg\FudanPed00051.png 1 158 189 41 46
posImg\FudanPed00052.png 1 244 184 47 54
posImg\FudanPed00053.png 1 434 142 50 52
posImg\FudanPed00054.png 3 122 131 39 46 306 111 36 39 376 116 35 38
posImg\FudanPed00055.png 0
posImg\FudanPed00056.png 3 470 246 43 50 281 253 39 47 226 253 43 47
posImg\FudanPed00057.png 1 8 106 24 19
posImg\FudanPed00058.png 3 310 100 27 30 372 95 27 32 175 92 57 60
posImg\FudanPed00059.png 3 54 51 51 54 187 35 52 56 287 45 53 51
posImg\FudanPed00060.png 1 230 136 45 46
posImg\FudanPed00061.png 2 201 69 41 56 168 79 39 39
posImg\FudanPed00062.png 2 208 21 44 50 314 31 58 48
posImg\FudanPed00063.png 1 224 37 31 34
posImg\FudanPed00064.png 3 187 98 40 44 337 96 51 44 429 106 46 47
posImg\FudanPed00065.png 3 75 65 42 56 17 54 22 24 250 90 41 57
posImg\FudanPed00066.png 1 258 44 47 52
posImg\FudanPed00067.png 1 79 79 49 48
posImg\FudanPed00068.png 1 258 61 48 48
posImg\FudanPed00069.png 1 239 65 44 49
posImg\FudanPed00070.png 1 298 67 52 55
posImg\FudanPed00071.png 2 168 35 41 54 273 33 46 59
posImg\FudanPed00072.png 1 68 39 46 48
posImg\FudanPed00073.png 0
posImg\FudanPed00074.png 2 59 50 43 50 192 58 48 48
posImg\PennPed00001.png 4 304 42 30 34 376 66 24 29 417 37 47 51 304 76 37 38
posImg\PennPed00002.png 7 77 42 55 44 52 82 26 37 124 56 30 37 636 71 38 48 522 93 29 37 640 40 48 42 390 32 47 43
posImg\PennPed00003.png 3 21 32 64 55 454 58 60 51 555 88 46 57
posImg\PennPed00004.png 4 243 93 49 49 162 87 46 52 92 60 51 47 624 113 53 44
posImg\PennPed00005.png 4 322 141 39 42 79 130 47 42 542 166 43 40 603 151 51 48
posImg\PennPed00006.png 6 111 73 63 56 39 82 51 50 3 96 48 62 222 91 57 60 474 102 64 52 527 141 37 44
posImg\PennPed00007.png 5 81 53 46 53 145 81 44 49 221 71 47 53 302 73 51 43 436 62 36 43
posImg\PennPed00008.png 5 99 65 43 47 247 70 39 48 297 71 47 56 335 51 41 30 386 56 27 28
posImg\PennPed00009.png 8 92 82 41 38 116 60 36 36 172 83 35 35 248 81 38 34 312 92 38 35 344 80 39 49 531 87 39 40 476 79 21 27
posImg\PennPed00010.png 3 205 52 34 45 285 122 38 42 587 32 45 47
posImg\PennPed00011.png 1 147 61 45 39
posImg\PennPed00012.png 1 161 118 41 45
posImg\PennPed00013.png 2 154 76 38 43 429 75 34 38
posImg\PennPed00014.png 1 158 36 24 26
posImg\PennPed00015.png 4 177 96 62 49 334 104 41 30 750 96 40 40 724 90 31 37
posImg\PennPed00016.png 4 106 52 42 38 250 72 38 27 503 64 42 43 554 85 21 30
posImg\PennPed00017.png 1 332 47 40 46
posImg\PennPed00018.png 2 197 64 36 43 84 27 39 49
posImg\PennPed00019.png 3 184 70 45 38 348 60 33 47 483 75 31 41
posImg\PennPed00020.png 2 434 86 35 36 495 90 41 39
posImg\PennPed00021.png 2 132 115 55 49 511 85 49 49
posImg\PennPed00022.png 5 285 148 47 46 167 151 49 49 77 119 41 44 695 116 36 43 738 130 33 37
posImg\PennPed00023.png 1 145 57 49 57
posImg\PennPed00024.png 1 92 54 50 50
posImg\PennPed00025.png 1 117 24 43 47
posImg\PennPed00026.png 2 242 114 43 42 355 94 58 39
posImg\PennPed00027.png 4 140 66 32 35 151 92 37 46 209 79 49 46 370 92 31 43
posImg\PennPed00028.png 1 273 46 47 47
posImg\PennPed00029.png 4 152 62 45 46 285 94 49 56 389 98 51 48 516 100 54 49
posImg\PennPed00030.png 3 13 33 57 60 174 35 49 62 362 41 46 57
posImg\PennPed00031.png 1 286 41 45 49
posImg\PennPed00032.png 1 114 43 38 43
posImg\PennPed00033.png 5 294 144 41 44 360 38 30 32 1 98 29 43 60 37 52 49 137 49 39 47
posImg\PennPed00034.png 4 151 53 36 52 196 60 51 49 336 60 39 46 398 66 39 49
posImg\PennPed00035.png 3 442 52 38 49 187 29 43 47 146 28 40 48
posImg\PennPed00036.png 2 86 56 52 52 521 33 60 46
posImg\PennPed00037.png 1 254 21 52 60
posImg\PennPed00038.png 1 275 34 36 60
posImg\PennPed00039.png 2 346 71 55 46 275 35 41 47
posImg\PennPed00040.png 1 231 43 50 49
posImg\PennPed00041.png 1 353 98 46 43
posImg\PennPed00042.png 2 296 33 50 51 407 31 45 55
posImg\PennPed00043.png 4 230 44 45 44 282 75 38 39 375 59 36 44 167 71 35 33
posImg\PennPed00044.png 4 109 33 41 57 146 61 32 41 259 56 50 39 342 59 38 31
posImg\PennPed00045.png 3 243 61 56 50 341 63 55 56 119 59 59 53
posImg\PennPed00046.png 2 41 56 44 49 342 18 45 51
posImg\PennPed00047.png 2 157 53 48 52 288 29 47 54
posImg\PennPed00048.png 3 52 31 48 55 130 33 41 48 317 19 42 58
posImg\PennPed00049.png 3 115 51 46 48 193 41 41 56 323 76 21 27
posImg\PennPed00050.png 1 118 39 44 48
posImg\PennPed00051.png 4 84 48 40 45 355 64 50 52 464 30 50 61 585 62 30 54
posImg\PennPed00052.png 2 107 136 35 56 201 184 45 47
posImg\PennPed00053.png 2 187 37 45 54 45 34 64 49
posImg\PennPed00054.png 1 58 16 37 50
posImg\PennPed00055.png 2 117 48 39 55 83 9 45 45
posImg\PennPed00056.png 2 256 99 39 43 234 113 37 35
posImg\PennPed00057.png 1 168 64 39 46
posImg\PennPed00058.png 3 199 23 43 50 350 68 47 52 0 40 28 30
posImg\PennPed00059.png 1 109 43 61 42
posImg\PennPed00060.png 4 70 23 53 57 306 80 46 47 218 17 35 36 150 24 27 29
posImg\PennPed00061.png 0
posImg\PennPed00062.png 4 210 37 39 46 268 52 28 37 113 10 42 46 7 41 27 38
posImg\PennPed00063.png 3 145 49 37 47 172 21 39 42 67 78 33 29
posImg\PennPed00064.png 3 261 23 62 62 107 47 25 23 47 45 20 20
posImg\PennPed00065.png 1 37 18 48 45
posImg\PennPed00066.png 3 323 29 50 45 111 25 43 51 59 77 43 43
posImg\PennPed00067.png 2 80 13 47 51 313 60 22 33
posImg\PennPed00068.png 1 414 47 25 31
posImg\PennPed00069.png 2 203 36 38 51 83 43 36 55
posImg\PennPed00070.png 2 225 10 45 57 35 18 52 64
posImg\PennPed00071.png 4 98 18 46 61 326 41 49 46 506 27 39 36 650 13 45 37
posImg\PennPed00072.png 2 177 22 54 49 326 53 45 48
posImg\PennPed00073.png 1 130 41 41 39
posImg\PennPed00074.png 3 226 24 42 42 184 43 40 44 328 31 53 43
posImg\PennPed00075.png 1 264 19 49 50
posImg\PennPed00076.png 1 237 27 43 54
posImg\PennPed00077.png 1 92 24 46 51
posImg\PennPed00078.png 1 257 56 50 52
posImg\PennPed00079.png 1 239 17 44 55
posImg\PennPed00080.png 3 99 42 51 50 243 40 48 50 356 39 43 47
posImg\PennPed00081.png 3 188 85 36 44 254 54 47 47 361 71 45 49
posImg\PennPed00082.png 1 148 16 45 58
posImg\PennPed00083.png 2 140 25 66 73 63 22 52 58
posImg\PennPed00084.png 0
posImg\PennPed00085.png 2 125 23 40 61 291 31 29 51
posImg\PennPed00086.png 4 244 49 51 45 379 29 42 50 143 166 32 37 27 30 33 40
posImg\PennPed00087.png 1 59 13 37 50
posImg\PennPed00088.png 1 114 25 51 37
posImg\PennPed00089.png 2 192 5 39 49 107 23 33 44
posImg\PennPed00090.png 3 243 35 43 45 100 27 50 53 56 35 51 45
posImg\PennPed00091.png 1 261 23 41 45
posImg\PennPed00092.png 2 209 78 53 69 369 90 46 46
posImg\PennPed00093.png 1 100 5 40 50
posImg\PennPed00094.png 1 176 23 40 50
posImg\PennPed00095.png 2 230 41 45 55 348 55 44 52
posImg\PennPed00096.png 2 26 29 52 50 127 32 44 43
