pos2\person000001.jpg 2 798 240 75 114 666 230 79 103
pos2\person000002.jpg 1 556 246 54 74
pos2\person000003.jpg 4 356 305 140 414 34 293 166 422 781 241 134 462 648 288 139 429
pos2\person000004.jpg 1 426 87 334 259
pos2\person000005.jpg 3 426 368 114 302 710 440 137 279 559 372 67 252
pos2\person000006.jpg 1 3 176 464 385
pos2\person000007.jpg 2 213 553 117 164 122 553 100 164
pos2\person000008.jpg 1 448 498 34 97
pos2\person000009.jpg 5 280 565 52 154 207 553 61 162 79 555 48 164 348 560 68 159 433 557 52 157
pos2\person000010.jpg 2 643 446 97 272 571 433 30 83
pos2\person000011.jpg 3 868 403 46 187 540 400 45 115 449 436 96 279
pos2\person000012.jpg 1 207 29 283 622
pos2\person000013.jpg 2 455 261 47 77 514 265 38 71
pos2\person000014.jpg 7 69 225 106 420 161 246 102 395 426 305 72 258 493 291 76 275 753 185 150 531 892 195 11 521 892 195 66 522
pos2\person000015.jpg 2 536 290 119 300 832 305 57 182
pos2\person000016.jpg 1 765 418 84 276
pos2\person000017.jpg 4 317 158 93 441 515 220 89 398 75 111 245 607 582 276 74 322
pos2\person000018.jpg 5 514 335 116 377 663 335 147 383 805 445 113 265 397 396 96 316 344 347 69 253
pos2\person000019.jpg 7 3 0 140 459 178 19 104 262 329 4 114 295 482 21 90 180 594 14 65 188 730 20 67 192 900 16 58 202
pos2\person000020.jpg 2 294 342 58 191 236 352 54 178
pos2\person000021.jpg 2 328 271 82 259 208 283 78 243
pos2\person000022.jpg 1 285 194 107 442
pos2\person000023.jpg 1 290 197 94 418
pos2\person000024.jpg 1 359 263 49 80
pos2\person000025.jpg 2 467 118 146 427 805 198 52 132
pos2\person000026.jpg 1 494 366 112 323
pos2\person000027.jpg 1 528 324 111 376
pos2\person000028.jpg 1 651 42 166 591
pos2\person000029.jpg 1 692 148 118 427
pos2\person000030.jpg 1 579 342 64 55
pos2\person000031.jpg 1 486 258 114 382
pos2\person000032.jpg 1 476 253 140 421
pos2\person000033.jpg 3 495 206 73 226 561 208 63 230 810 185 89 151
pos2\person000034.jpg 1 598 227 105 374
pos2\person000035.jpg 1 374 286 30 64
pos2\person000036.jpg 1 577 154 119 408
pos2\person000037.jpg 1 473 310 72 274
pos2\person000038.jpg 1 51 190 169 494
pos2\person000039.jpg 2 279 38 220 680 62 220 92 278
pos2\person000040.jpg 2 71 366 183 322 469 346 116 262
pos2\person000041.jpg 3 0 351 159 367 302 354 112 315 720 353 66 132
pos2\person000042.jpg 2 46 350 205 366 717 361 64 125
pos2\person000043.jpg 5 402 354 107 177 628 342 189 321 520 364 60 101 570 348 108 162 374 362 38 88
pos2\person000044.jpg 6 627 343 169 328 180 331 166 340 546 346 90 137 296 329 123 271 408 356 39 92 790 355 43 86
pos2\person000045.jpg 4 725 330 197 368 618 349 83 184 401 354 46 91 290 356 30 70
pos2\person000046.jpg 2 367 294 28 71 331 292 33 74
pos2\person000047.jpg 5 75 345 174 374 354 352 148 276 541 362 85 181 694 368 61 129 787 369 65 131
pos2\person000048.jpg 4 267 347 153 314 454 368 95 213 646 374 68 139 586 362 56 113
pos2\person000049.jpg 5 125 351 143 317 308 368 144 273 504 362 68 135 562 372 66 153 827 363 85 127
pos2\person000050.jpg 5 69 342 181 370 426 366 106 219 571 348 69 152 635 352 67 159 809 371 74 124
pos2\person000051.jpg 5 409 353 70 148 479 364 59 136 655 356 52 143 815 358 94 182 116 338 94 190
pos2\person000052.jpg 1 269 374 34 88
pos2\person000053.jpg 2 389 396 53 131 271 382 36 82
pos2\person000054.jpg 3 807 227 66 132 653 223 66 124 705 214 45 123
pos2\person000055.jpg 1 481 329 123 262
pos2\person000056.jpg 1 630 337 107 286
pos2\person000057.jpg 2 327 293 29 76 354 297 34 69
pos2\person000058.jpg 2 326 358 45 76 553 348 101 141
pos2\person000059.jpg 1 553 300 111 211
pos2\person000060.jpg 3 333 348 73 127 411 345 85 141 502 346 51 103
pos2\person000061.jpg 4 422 351 58 117 307 344 67 148 27 357 88 126 503 341 28 78
pos2\person000062.jpg 1 410 284 182 395
pos2\person000063.jpg 2 726 377 33 62 564 356 93 145
pos2\person000064.jpg 1 0 351 45 92
pos2\person000065.jpg 2 557 306 108 186 182 297 89 184
pos2\person000066.jpg 1 370 386 80 133
pos2\person000067.jpg 3 479 313 228 404 308 346 156 293 119 357 69 100
pos2\person000068.jpg 1 313 300 30 71
pos2\person000069.jpg 3 634 299 180 419 254 333 129 226 96 332 128 183
pos2\person000070.jpg 2 607 355 90 159 693 361 72 149
pos2\person000071.jpg 0
pos2\person000072.jpg 1 435 370 173 256
pos2\person000073.jpg 1 168 342 250 375
pos2\person000074.jpg 2 344 346 53 103 381 355 51 93
pos2\person000075.jpg 3 420 346 84 122 253 332 82 88 863 352 91 130
pos2\person000076.jpg 2 510 309 92 153 619 320 85 168
pos2\person000077.jpg 2 446 311 66 118 555 313 53 88
pos2\person000078.jpg 3 524 328 82 156 593 327 73 156 344 344 37 77
pos2\person000079.jpg 2 318 298 39 85 354 300 33 76
pos2\person000080.jpg 3 162 265 113 264 416 285 183 243 597 271 176 300
pos2\person000081.jpg 2 492 286 55 88 699 285 53 93
pos2\person000082.jpg 2 495 285 47 87 698 287 36 91
pos2\person000083.jpg 1 210 299 56 84
pos2\person000084.jpg 1 637 339 125 202
pos2\person000085.jpg 1 498 281 107 209
pos2\person000086.jpg 1 61 317 72 172
pos2\person000087.jpg 1 100 354 90 192
pos2\person000088.jpg 2 243 352 52 53 104 357 88 136
pos2\person000089.jpg 2 370 364 91 215 126 353 47 97
pos2\person000090.jpg 2 383 306 36 84 411 308 32 70
pos2\person000091.jpg 1 558 349 110 241
pos2\person000092.jpg 2 197 319 171 241 337 329 233 330
pos2\person000093.jpg 1 346 251 139 297
pos2\person000094.jpg 2 138 357 78 121 457 358 47 120
pos2\person000095.jpg 3 500 310 75 165 641 316 72 140 710 317 58 145
pos2\person000096.jpg 2 584 297 68 125 641 288 82 140
pos2\person000097.jpg 3 616 285 103 177 556 298 79 155 7 306 38 67
pos2\person000098.jpg 4 0 309 34 67 39 310 29 63 499 308 75 155 573 306 89 169
pos2\person000099.jpg 2 627 387 92 140 163 393 29 57
pos2\person000100.jpg 4 623 358 102 179 388 381 90 174 53 376 32 72 3 378 28 74
pos2\person000101.jpg 1 420 312 32 82
pos2\person000102.jpg 1 767 213 190 436
pos2\person000103.jpg 1 844 235 96 191
pos2\person000104.jpg 2 615 240 181 377 416 255 87 185
pos2\person000105.jpg 2 619 229 153 383 382 256 67 173
pos2\person000106.jpg 4 558 264 184 302 324 256 68 146 185 268 91 171 705 268 125 261
pos2\person000107.jpg 2 387 252 85 176 169 261 92 157
pos2\person000108.jpg 3 498 325 38 92 340 309 85 154 834 321 42 84
pos2\person000109.jpg 2 215 305 221 321 713 36 151 181
pos2\person000110.jpg 6 253 354 82 191 291 373 104 172 873 364 80 179 537 366 69 160 484 363 67 170 689 374 46 132
pos2\person000111.jpg 5 230 369 84 168 297 389 83 166 469 372 61 163 521 375 68 175 850 377 81 170
pos2\person000112.jpg 0
pos2\person000113.jpg 2 459 314 41 73 490 311 34 70
pos2\person000114.jpg 4 445 209 102 219 539 212 82 216 644 208 103 217 1 224 109 268
pos2\person000115.jpg 2 275 131 241 467 665 119 130 321
pos2\person000116.jpg 2 345 282 205 424 696 299 134 375
pos2\person000117.jpg 2 709 288 170 374 309 311 175 365
pos2\person000118.jpg 3 252 225 238 466 664 252 115 171 509 253 31 71
pos2\person000119.jpg 3 331 205 223 442 316 187 91 277 260 228 59 161
pos2\person000120.jpg 3 128 253 161 359 340 252 172 338 285 252 85 220
pos2\person000121.jpg 4 145 238 142 309 79 239 83 207 509 264 63 149 347 268 32 67
pos2\person000122.jpg 4 594 204 85 136 517 134 79 209 517 134 79 209 412 120 88 222
pos2\person000123.jpg 4 417 121 70 225 363 128 65 158 500 130 76 170 565 135 79 177
pos2\person000124.jpg 1 482 253 40 76
pos2\person000125.jpg 2 301 311 120 274 439 333 109 260
pos2\person000126.jpg 1 583 208 127 214
pos2\person000127.jpg 5 392 323 48 122 484 306 43 96 740 294 145 270 246 297 122 159 532 307 39 100
pos2\person000128.jpg 1 568 214 109 184
pos2\person000129.jpg 4 402 215 56 150 454 219 60 133 290 220 59 135 339 221 58 125
pos2\person000130.jpg 4 458 221 64 133 398 215 64 142 345 221 50 138 295 217 55 133
pos2\person000131.jpg 4 527 128 243 455 213 166 139 297 320 123 152 404 427 168 102 298
pos2\person000132.jpg 4 491 145 265 510 733 161 219 396 303 190 81 183 398 155 157 369
pos2\person000133.jpg 4 605 178 148 278 736 184 119 240 477 198 65 152 327 222 48 115
pos2\person000134.jpg 1 390 291 99 244
pos2\person000135.jpg 1 445 249 83 119
pos2\person000136.jpg 2 265 265 93 159 300 207 106 213
pos2\person000137.jpg 3 140 203 82 191 94 250 86 145 414 251 92 123
pos2\person000138.jpg 4 308 177 165 364 486 145 191 442 701 171 189 450 145 141 150 291
pos2\person000139.jpg 4 128 148 159 385 312 166 204 503 676 135 282 566 520 142 143 352
pos2\person000140.jpg 2 358 222 108 206 281 219 55 151
pos2\person000141.jpg 2 494 286 50 117 441 300 44 86
pos2\person000142.jpg 3 163 159 85 205 251 153 104 184 754 183 186 325
pos2\person000143.jpg 2 488 205 87 264 367 210 77 222
pos2\person000144.jpg 1 492 316 41 89
pos2\person000145.jpg 4 162 292 93 248 280 333 141 287 443 312 134 323 559 285 160 358
pos2\person000146.jpg 1 489 249 52 132
pos2\person000147.jpg 1 385 326 39 73
pos2\person000148.jpg 1 451 33 316 607
pos2\person000149.jpg 3 113 153 91 167 278 135 82 205 339 142 52 194
pos2\person000150.jpg 3 110 197 149 364 324 183 183 372 565 314 40 81
pos2\person000151.jpg 4 158 286 123 282 272 307 119 261 384 318 86 184 455 345 58 129
pos2\person000152.jpg 3 522 270 135 289 410 277 109 261 646 308 72 185
pos2\person000153.jpg 1 730 174 99 209
pos2\person000154.jpg 2 227 181 129 299 2 184 149 327
pos2\person000155.jpg 2 228 299 98 195 156 283 73 210
pos2\person000156.jpg 1 376 311 106 180
pos2\person000157.jpg 2 486 246 79 146 534 252 44 123
pos2\person000158.jpg 1 532 332 57 144
pos2\person000159.jpg 2 417 197 206 472 94 207 34 63
pos2\person000160.jpg 4 334 218 63 161 507 261 116 196 683 235 73 136 254 248 36 68
pos2\person000161.jpg 2 611 199 118 293 490 255 105 190
pos2\person000162.jpg 1 154 132 258 530
pos2\person000163.jpg 1 419 207 138 368
pos2\person000164.jpg 1 521 283 87 141
pos2\person000165.jpg 3 229 250 91 205 306 260 66 165 371 269 64 137
pos2\person000166.jpg 5 378 304 102 223 208 285 127 294 48 255 201 383 610 320 65 142 656 332 82 157
pos2\person000167.jpg 3 331 200 175 412 467 193 131 432 596 174 209 466
pos2\person000168.jpg 1 474 241 61 145
pos2\person000169.jpg 3 428 171 124 332 209 185 95 207 288 173 105 250
pos2\person000170.jpg 1 476 218 81 184
pos2\person000171.jpg 4 8 214 229 411 493 233 100 199 640 226 122 364 752 225 173 332
pos2\person000172.jpg 4 258 204 102 239 557 175 212 476 411 229 37 73 439 223 66 125
pos2\person000173.jpg 5 177 202 148 375 345 224 92 222 481 236 70 171 550 247 56 160 419 235 55 174
pos2\person000174.jpg 2 179 109 181 420 386 133 144 390
pos2\person000175.jpg 2 241 130 207 399 480 155 150 378
pos2\person000176.jpg 2 365 223 49 89 611 202 78 223
pos2\person000177.jpg 1 409 137 62 155
pos2\person000178.jpg 1 600 180 184 458
pos2\person000179.jpg 1 461 257 86 157
pos2\person000180.jpg 1 519 31 270 540
pos2\person000181.jpg 1 409 119 171 300
pos2\person000182.jpg 1 365 107 76 204
pos2\person000183.jpg 2 352 117 121 358 153 122 200 371
pos2\person000184.jpg 2 308 200 140 337 421 200 51 159
pos2\person000185.jpg 4 168 202 111 251 263 183 84 245 599 215 118 286 460 226 70 166
pos2\person000186.jpg 3 635 251 107 255 740 236 93 271 442 277 176 441
pos2\person000187.jpg 6 227 219 114 184 365 154 63 151 430 158 70 150 493 153 56 152 531 219 56 158 590 162 129 273
pos2\person000188.jpg 3 365 270 86 200 500 273 86 193 148 286 79 165
pos2\person000189.jpg 3 464 357 96 178 544 326 89 233 623 320 98 218
pos2\person000190.jpg 1 542 252 78 160
pos2\person000191.jpg 2 186 94 199 599 651 99 249 618
pos2\person000192.jpg 3 532 206 163 410 344 204 189 384 770 279 86 184
pos2\person000193.jpg 1 341 75 233 474
pos2\person000194.jpg 2 271 37 344 679 84 175 248 540
pos2\person000195.jpg 2 324 225 122 299 440 139 141 409
pos2\person000196.jpg 4 394 254 82 173 471 265 85 177 209 260 71 155 133 305 199 236
pos2\person000197.jpg 2 580 261 167 221 652 226 202 489
pos2\person000198.jpg 3 141 327 196 340 440 285 67 153 2 132 134 565
pos2\person000199.jpg 5 499 203 153 342 422 334 90 198 13 196 184 504 159 191 176 473 326 250 106 280
pos2\person000200.jpg 4 2 166 293 537 261 221 165 372 453 333 78 174 550 244 109 254
pos2\person000201.jpg 0
pos2\person000202.jpg 3 572 268 120 281 686 289 117 229 292 300 52 88
pos2\person000203.jpg 2 415 185 144 333 150 274 92 152
pos2\person000204.jpg 1 532 193 108 228
pos2\person000205.jpg 3 455 242 105 266 572 274 61 139 203 249 51 107
pos2\person000206.jpg 2 477 91 243 624 288 169 177 545
pos2\person000207.jpg 1 165 174 210 409
pos2\person000208.jpg 2 337 245 115 310 253 237 102 282
pos2\person000209.jpg 1 125 125 274 594
pos2\person000210.jpg 2 336 117 154 395 211 154 117 382
pos2\person000211.jpg 2 386 264 112 300 573 283 88 252
pos2\person000212.jpg 0
pos2\person000213.jpg 0
pos2\person000214.jpg 0
pos2\person000215.jpg 4 428 293 104 209 576 290 230 422 841 228 111 467 524 257 82 140
pos2\person000216.jpg 4 310 311 156 295 462 288 162 336 633 275 208 417 845 216 114 471
pos2\person000217.jpg 1 261 246 66 144
pos2\person000218.jpg 1 431 168 146 448
pos2\person000219.jpg 1 219 227 167 441
pos2\person000220.jpg 2 165 328 92 170 439 395 82 129
pos2\person000221.jpg 3 392 290 113 244 525 298 115 249 222 258 119 193
pos2\person000222.jpg 4 501 353 105 213 611 374 90 186 776 334 71 155 461 312 33 53
pos2\person000223.jpg 1 685 332 92 149
pos2\person000224.jpg 0
pos2\person000225.jpg 3 137 401 93 135 514 298 81 151 327 386 114 134
pos2\person000226.jpg 3 153 318 103 147 582 339 81 160 648 328 136 227
pos2\person000227.jpg 4 30 326 42 85 512 344 57 104 564 346 44 110 622 358 44 91
pos2\person000228.jpg 3 416 347 48 75 347 337 56 103 0 400 45 115
pos2\person000229.jpg 3 369 328 75 186 513 334 59 133 867 340 37 80
pos2\person000230.jpg 3 578 299 52 115 641 296 40 98 698 296 33 61
pos2\person000231.jpg 2 481 320 79 165 552 328 63 113
pos2\person000232.jpg 2 460 316 58 134 527 317 69 127
pos2\person000233.jpg 4 345 299 97 214 465 311 105 199 572 307 77 199 684 283 78 195
pos2\person000234.jpg 3 4 246 120 279 309 214 95 246 392 226 72 250
pos2\person000235.jpg 0
pos2\person000236.jpg 1 370 267 71 179
pos2\person000237.jpg 3 136 292 138 286 373 273 101 300 423 412 138 282
pos2\person000238.jpg 3 119 285 81 245 441 280 98 235 637 282 113 233
pos2\person000239.jpg 4 158 221 200 443 355 233 129 303 560 236 101 305 586 221 329 494
pos2\person000240.jpg 3 364 219 142 294 461 213 305 489 273 226 93 208
pos2\person000241.jpg 4 320 214 167 337 778 206 172 324 479 234 40 101 604 223 70 141
pos2\person000242.jpg 4 496 230 179 434 370 274 71 135 210 277 90 192 754 246 149 350
pos2\person000243.jpg 3 368 228 90 205 454 225 78 228 553 194 135 304
pos2\person000244.jpg 2 784 310 124 316 863 430 79 213
pos2\person000245.jpg 3 356 273 143 316 517 321 117 276 658 313 79 211
pos2\person000246.jpg 0
pos2\person000247.jpg 4 403 307 111 284 591 275 178 439 340 296 60 173 271 295 63 145
pos2\person000248.jpg 1 259 157 182 484
pos2\person000249.jpg 3 252 172 112 272 113 168 114 271 678 163 275 405
pos2\person000250.jpg 5 333 324 82 194 483 353 40 84 853 347 68 125 664 370 28 60 451 358 22 66
pos2\person000251.jpg 2 430 340 76 159 722 345 80 143
pos2\person000252.jpg 0
pos2\person000253.jpg 2 390 203 92 184 456 191 83 200
pos2\person000254.jpg 8 502 278 180 326 725 309 57 143 755 315 73 125 820 321 39 84 241 328 60 95 298 332 46 91 114 329 51 96 35 438 83 140
pos2\person000255.jpg 4 545 243 200 350 184 315 49 94 146 313 40 100 238 321 50 79
pos2\person000256.jpg 3 356 204 83 145 481 203 77 143 256 222 54 103
pos2\person000257.jpg 0
pos2\person000258.jpg 4 293 188 91 220 199 188 105 209 76 200 115 236 478 213 48 123
pos2\person000259.jpg 7 33 208 89 167 192 205 84 132 134 209 75 134 343 206 53 136 287 211 52 126 554 211 38 128 611 207 53 119
pos2\person000260.jpg 1 304 240 52 70
pos2\person000261.jpg 4 683 134 274 582 520 257 82 196 587 302 59 144 634 260 66 181
pos2\person000262.jpg 5 443 232 89 224 534 254 89 204 605 304 61 130 646 252 66 133 757 264 116 194
pos2\person000263.jpg 5 513 203 72 181 368 244 79 175 269 237 67 125 310 212 49 162 450 240 59 136
pos2\person000264.jpg 7 225 218 65 140 273 232 87 133 328 216 60 165 388 231 45 153 675 228 105 244 756 283 91 185 882 224 77 218
pos2\person000265.jpg 6 261 228 78 172 358 210 65 189 421 226 74 145 636 201 110 282 750 225 119 260 866 288 89 202
pos2\person000266.jpg 4 601 175 136 279 12 155 166 378 289 179 96 164 587 191 45 89
pos2\person000267.jpg 5 119 210 186 454 267 223 213 440 672 250 148 227 465 258 76 141 424 258 54 134
pos2\person000268.jpg 0
pos2\person000269.jpg 2 324 304 71 201 232 313 47 107
pos2\person000270.jpg 1 477 273 135 260
pos2\person000271.jpg 5 192 302 142 231 139 291 73 161 56 316 78 116 104 325 31 79 465 311 39 88
pos2\person000272.jpg 10 509 295 134 285 88 351 69 142 9 333 72 159 454 332 56 171 357 347 59 137 400 369 44 112 719 340 62 133 773 343 51 130 837 348 54 110 903 355 44 115
pos2\person000273.jpg 5 21 224 257 494 260 313 89 196 355 240 105 253 533 219 146 318 666 243 145 280
pos2\person000274.jpg 4 423 307 138 337 745 326 106 263 578 301 83 262 195 330 76 136
pos2\person000275.jpg 4 410 352 100 180 2 348 122 270 584 365 83 196 675 360 113 238
pos2\person000276.jpg 2 240 273 188 421 89 270 155 374
pos2\person000277.jpg 3 437 194 151 416 120 171 253 539 633 205 82 184
pos2\person000278.jpg 3 472 181 201 395 670 190 144 380 341 193 93 174
pos2\person000279.jpg 0
pos2\person000280.jpg 5 367 300 169 376 117 305 232 400 4 283 107 216 556 301 35 122 851 300 56 93
pos2\person000281.jpg 3 327 179 274 536 497 164 161 542 686 178 73 299
pos2\person000282.jpg 3 386 247 136 250 616 238 105 196 264 256 77 180
pos2\person000283.jpg 2 315 252 149 421 468 263 138 361
pos2\person000284.jpg 2 285 314 152 332 640 308 129 358
pos2\person000285.jpg 1 699 263 188 348
pos2\person000286.jpg 4 262 276 188 377 504 262 82 271 682 287 71 200 593 297 71 188
pos2\person000287.jpg 4 191 279 215 429 575 289 86 211 411 261 119 289 503 291 67 157
pos2\person000288.jpg 2 349 296 132 267 157 313 146 282
pos2\person000289.jpg 2 502 245 130 351 320 236 114 251
pos2\person000290.jpg 2 346 344 66 124 266 343 62 136
pos2\person000291.jpg 2 676 118 233 517 143 172 221 362
pos2\person000292.jpg 3 683 335 196 320 530 93 260 519 444 175 151 307
pos2\person000293.jpg 7 60 273 117 265 1 266 97 251 654 386 130 209 491 240 172 347 419 269 99 256 669 309 92 117 766 304 56 88
pos2\person000294.jpg 7 711 304 86 238 786 290 109 236 522 319 91 161 465 314 71 162 417 329 62 153 192 329 61 104 123 327 56 108
pos2\person000295.jpg 4 191 281 70 145 304 264 91 163 424 273 47 135 465 265 51 130
pos2\person000296.jpg 2 385 394 52 139 274 380 31 94
pos2\person000297.jpg 1 262 373 45 90
pos2\person000298.jpg 4 405 358 77 142 477 362 66 137 640 354 69 137 811 360 84 189
pos2\person000299.jpg 2 76 336 171 382 403 369 146 222
pos2\person000300.jpg 4 309 369 136 276 97 358 170 341 506 364 62 137 842 369 54 122
pos2\person000301.jpg 4 213 341 96 178 332 353 61 112 439 365 47 74 509 356 36 71
pos2\person000302.jpg 3 257 343 159 326 647 367 69 144 577 361 65 115
pos2\person000303.jpg 4 86 342 162 370 362 352 143 268 693 370 63 125 791 374 62 129
pos2\person000304.jpg 4 725 327 190 358 606 347 113 199 402 352 44 88 281 358 39 73
pos2\person000305.jpg 4 173 332 155 335 298 323 131 280 561 340 74 153 653 341 132 328
pos2\person000306.jpg 4 413 347 95 196 629 345 192 323 577 340 84 191 527 361 54 100
pos2\person000307.jpg 2 43 351 228 353 714 361 66 126
pos2\person000308.jpg 3 305 343 110 329 2 348 151 368 720 355 66 125
pos2\person000309.jpg 2 81 362 172 324 478 348 106 263
pos2\person000310.jpg 2 281 370 133 308 175 363 86 215
pos2\person000311.jpg 1 807 365 78 150
pos2\person000312.jpg 2 449 314 94 184 398 320 68 169
pos2\person000313.jpg 3 270 350 96 205 178 355 96 233 684 378 93 171
pos2\person000314.jpg 4 86 399 83 163 725 384 97 262 743 399 135 294 653 390 63 130
pos2\person000315.jpg 2 100 407 66 149 726 423 68 165
pos2\person000316.jpg 3 551 336 101 210 659 350 80 172 728 361 54 176
pos2\person000317.jpg 4 641 369 86 185 753 370 69 164 853 370 60 97 810 363 49 105
pos2\person000318.jpg 2 651 383 133 275 867 391 90 164
pos2\person000319.jpg 5 206 398 160 272 429 390 52 94 570 410 94 116 771 408 187 301 717 381 56 103
pos2\person000320.jpg 2 542 415 89 115 651 385 63 111
pos2\person000321.jpg 2 586 368 42 91 489 375 63 122
pos2\person000322.jpg 5 380 344 120 229 54 350 72 132 529 346 73 123 702 359 81 178 610 353 63 120
pos2\person000323.jpg 2 311 309 150 254 456 312 137 243
pos2\person000324.jpg 6 225 359 89 147 364 362 61 144 495 371 44 108 643 361 65 100 858 363 96 187 735 356 62 95
pos2\person000325.jpg 4 70 255 101 208 253 269 69 111 517 265 64 146 689 262 60 128
pos2\person000326.jpg 2 88 257 126 256 259 274 64 109
pos2\person000327.jpg 4 397 207 187 506 114 298 39 80 724 284 86 123 884 273 59 210
pos2\person000328.jpg 1 724 292 95 134
pos2\person000329.jpg 2 486 305 59 122 892 289 67 182
pos2\person000330.jpg 3 273 295 68 141 485 309 50 133 739 293 89 128
pos2\person000331.jpg 2 255 443 87 191 544 451 81 204
pos2\person000332.jpg 3 790 261 74 144 473 359 207 311 615 258 34 118
pos2\person000333.jpg 1 918 443 34 81
pos2\person000334.jpg 1 409 345 54 123
pos2\person000335.jpg 0
pos2\person000336.jpg 1 368 339 92 142
pos2\person000337.jpg 1 346 344 94 147
pos2\person000338.jpg 2 848 361 49 93 246 353 35 50
pos2\person000339.jpg 2 443 386 54 87 160 391 45 85
pos2\person000340.jpg 2 458 378 47 96 137 391 53 75
pos2\person000341.jpg 3 510 386 149 250 75 389 102 198 458 383 34 62
pos2\person000342.jpg 1 327 350 55 106
pos2\person000343.jpg 4 516 382 132 220 446 371 96 198 303 370 108 237 206 370 97 231
pos2\person000344.jpg 5 471 434 95 160 425 419 59 177 358 423 93 179 272 433 76 150 183 418 44 88
pos2\person000345.jpg 5 487 418 79 145 415 409 66 157 622 411 40 90 658 414 38 85 697 407 40 89
pos2\person000346.jpg 0
pos2\person000347.jpg 5 293 332 65 115 377 331 58 112 728 335 56 101 679 340 38 106 644 337 38 108
pos2\person000348.jpg 4 243 326 74 123 323 330 64 120 406 335 61 107 757 333 56 120
pos2\person000349.jpg 6 195 326 68 126 289 316 63 141 369 329 50 112 635 328 80 134 702 328 67 136 763 321 81 143
pos2\person000350.jpg 2 551 278 160 284 700 260 173 299
pos2\person000351.jpg 2 687 380 87 145 761 373 84 151
pos2\person000352.jpg 1 331 296 258 404
pos2\person000353.jpg 2 307 343 82 155 419 354 56 115
pos2\person000354.jpg 3 333 349 76 129 412 344 87 144 500 347 59 103
pos2\person000355.jpg 2 363 356 74 115 449 346 92 124
pos2\person000356.jpg 4 408 346 82 131 323 345 82 135 576 343 43 89 487 342 78 105
pos2\person000357.jpg 0
pos2\person000358.jpg 3 362 342 60 132 461 347 52 112 591 344 34 89
pos2\person000359.jpg 2 398 337 72 121 466 343 42 98
pos2\person000360.jpg 2 552 325 56 93 598 325 55 96
pos2\person000361.jpg 1 681 314 37 68
pos2\person000362.jpg 3 542 318 65 132 706 320 111 209 634 312 98 185
pos2\person000363.jpg 3 606 327 60 115 558 313 53 118 528 324 40 90
pos2\person000364.jpg 3 462 303 62 106 520 283 54 131 594 305 61 106
pos2\person000365.jpg 3 264 251 94 173 623 250 158 253 751 231 170 364
pos2\person000366.jpg 3 304 258 84 151 238 257 58 134 723 248 189 360
pos2\person000367.jpg 3 270 266 80 153 528 256 84 126 729 244 179 373
pos2\person000368.jpg 0
pos2\person000369.jpg 3 351 288 209 345 773 245 173 400 628 254 64 111
pos2\person000370.jpg 2 295 331 175 358 605 272 331 442
pos2\person000371.jpg 4 323 259 46 99 397 311 266 404 692 300 134 376 818 268 110 368
pos2\person000372.jpg 2 590 303 254 412 600 266 65 117
pos2\person000373.jpg 2 411 370 99 232 561 379 104 217
pos2\person000374.jpg 2 468 372 178 291 639 372 107 286
pos2\person000375.jpg 1 451 332 62 105
pos2\person000376.jpg 1 638 347 72 130
pos2\person000377.jpg 2 450 292 134 359 585 323 190 390
pos2\person000378.jpg 1 474 309 295 403
pos2\person000379.jpg 0
pos2\person000380.jpg 2 357 201 129 305 652 214 89 232
pos2\person000381.jpg 3 250 207 197 366 528 211 172 389 793 203 150 511
pos2\person000382.jpg 1 674 388 61 115
pos2\person000383.jpg 4 395 251 262 464 662 211 204 506 172 247 171 226 824 273 127 326
pos2\person000384.jpg 3 486 243 246 467 704 233 166 474 263 257 180 201
pos2\person000385.jpg 1 341 206 212 485
pos2\person000386.jpg 3 368 360 182 347 551 346 83 171 633 330 87 191
pos2\person000387.jpg 2 701 394 182 291 374 371 56 110
pos2\person000388.jpg 0
pos2\person000389.jpg 1 480 185 125 218
pos2\person000390.jpg 2 311 244 180 360 73 245 189 371
pos2\person000391.jpg 2 514 245 118 269 580 348 212 309
pos2\person000392.jpg 1 622 285 139 340
pos2\person000393.jpg 2 546 340 142 292 729 339 113 332
pos2\person000394.jpg 1 696 335 115 326
pos2\person000395.jpg 3 649 291 167 386 523 293 75 168 425 293 70 119
pos2\person000396.jpg 1 560 251 178 388
pos2\person000397.jpg 2 513 282 165 337 371 299 74 170
pos2\person000398.jpg 5 346 255 160 394 589 268 195 450 822 214 134 451 2 249 205 460 131 249 199 464
pos2\person000399.jpg 4 444 433 162 282 201 406 72 163 93 413 88 180 0 434 105 270
pos2\person000400.jpg 2 211 383 213 334 4 413 190 303
pos2\person000401.jpg 2 262 279 124 244 87 260 146 288
pos2\person000402.jpg 5 486 351 200 363 775 350 152 366 182 307 159 407 422 342 40 99 457 338 46 79
pos2\person000403.jpg 3 235 307 138 366 555 306 116 255 111 291 93 325
pos2\person000404.jpg 4 366 264 131 395 485 247 176 376 181 288 160 342 1 273 101 318
pos2\person000405.jpg 5 315 229 233 475 520 280 119 387 182 255 161 368 83 271 119 273 2 259 94 281
pos2\person000406.jpg 2 524 262 152 313 86 290 125 289
pos2\person000407.jpg 3 303 221 137 389 576 197 221 487 189 220 126 289
pos2\person000408.jpg 1 596 314 135 320
pos2\person000409.jpg 6 283 326 104 219 126 312 114 247 2 328 119 281 491 337 59 113 412 335 87 103 848 334 80 213
pos2\person000410.jpg 4 316 331 113 298 23 372 270 336 207 359 101 151 748 352 63 149
pos2\person000411.jpg 4 492 337 94 188 358 353 69 114 73 366 187 349 686 359 50 95
pos2\person000412.jpg 2 241 322 100 222 56 322 120 196
pos2\person000413.jpg 5 569 357 126 279 406 355 65 148 200 359 199 349 667 353 65 111 465 400 60 101
pos2\person000414.jpg 4 418 361 189 355 685 356 69 136 574 345 72 153 363 365 88 272
pos2\person000415.jpg 3 274 368 118 327 472 355 189 358 587 340 74 109
pos2\person000416.jpg 3 546 349 160 363 695 369 86 181 564 358 65 92
pos2\person000417.jpg 1 90 316 172 378
pos2\person000418.jpg 5 365 333 125 336 476 319 85 206 296 349 89 218 653 328 46 122 597 325 48 116
pos2\person000419.jpg 2 304 335 89 172 539 322 99 219
pos2\person000420.jpg 2 362 263 127 294 125 202 207 454
pos2\person000421.jpg 4 558 234 145 374 190 242 220 426 455 282 126 240 413 277 83 184
pos2\person000422.jpg 4 247 324 162 345 88 301 169 332 599 340 45 124 825 343 110 190
pos2\person000423.jpg 1 248 340 109 193
pos2\person000424.jpg 0
pos2\person000425.jpg 1 557 253 170 416
pos2\person000426.jpg 1 619 379 105 201
pos2\person000427.jpg 0
pos2\person000428.jpg 2 416 318 121 202 569 313 77 179
pos2\person000429.jpg 3 196 380 178 339 537 370 98 234 417 349 66 145
pos2\person000430.jpg 2 747 95 135 502 3 154 99 455
pos2\person000431.jpg 1 603 69 135 486
pos2\person000432.jpg 2 74 38 169 600 512 0 163 719
pos2\person000433.jpg 1 522 97 124 498
pos2\person000434.jpg 2 300 378 46 82 378 382 56 84
pos2\person000435.jpg 1 596 251 92 218
pos2\person000436.jpg 1 47 178 172 466
pos2\person000437.jpg 1 165 20 189 622
pos2\person000438.jpg 1 109 63 271 642
pos2\person000439.jpg 1 450 128 158 475
pos2\person000440.jpg 3 584 278 75 209 536 294 54 195 682 303 66 145
pos2\person000441.jpg 2 547 280 74 186 500 288 54 165
pos2\person000442.jpg 4 319 123 93 476 872 215 28 90 893 215 34 86 766 203 53 180
pos2\person000443.jpg 2 391 292 102 341 253 309 80 217
pos2\person000444.jpg 2 551 238 81 270 449 222 97 308
pos2\person000445.jpg 1 363 241 73 118
pos2\person000446.jpg 2 358 378 44 87 277 380 46 93
pos2\person000447.jpg 2 427 257 85 308 562 273 82 286
pos2\person000448.jpg 0
pos2\person000449.jpg 1 451 271 112 330
pos2\person000450.jpg 2 395 242 82 197 51 158 217 552
pos2\person000451.jpg 3 475 338 52 139 303 303 71 228 541 334 26 114
pos2\person000452.jpg 1 239 33 204 685
pos2\person000453.jpg 1 67 154 167 462
pos2\person000454.jpg 1 192 179 113 443
pos2\person000455.jpg 3 413 190 175 390 693 195 139 346 99 142 201 474
pos2\person000456.jpg 2 291 183 137 369 748 175 118 337
pos2\person000457.jpg 4 135 286 110 235 29 286 123 232 391 334 52 90 464 340 49 82
pos2\person000458.jpg 2 548 171 388 545 828 215 71 178
pos2\person000459.jpg 1 425 204 143 422
pos2\person000460.jpg 1 264 199 91 315
pos2\person000461.jpg 1 636 194 103 318
pos2\person000462.jpg 1 459 209 87 278
pos2\person000463.jpg 2 289 195 131 270 378 202 133 279
pos2\person000464.jpg 1 693 155 92 362
pos2\person000465.jpg 1 519 173 101 385
pos2\person000466.jpg 1 504 175 131 377
pos2\person000467.jpg 1 581 86 149 451
pos2\person000468.jpg 4 251 335 70 171 167 339 74 167 416 360 38 77 474 361 55 82
pos2\person000469.jpg 3 88 161 154 438 2 158 117 446 843 134 39 133
pos2\person000470.jpg 2 242 140 121 313 339 132 108 304
pos2\person000471.jpg 1 713 234 90 289
pos2\person000472.jpg 1 700 225 85 328
pos2\person000473.jpg 1 583 252 97 278
pos2\person000474.jpg 2 279 360 83 211 132 384 61 108
pos2\person000475.jpg 1 716 188 88 296
pos2\person000476.jpg 2 512 205 115 360 624 185 115 391
pos2\person000477.jpg 2 636 252 89 310 726 255 105 321
pos2\person000478.jpg 1 592 165 123 305
pos2\person000479.jpg 4 247 347 91 172 162 346 86 170 383 360 50 87 456 363 47 65
pos2\person000480.jpg 2 719 158 140 483 440 258 79 146
pos2\person000481.jpg 1 274 367 55 162
pos2\person000482.jpg 1 327 139 160 578
pos2\person000483.jpg 1 633 118 143 550
pos2\person000484.jpg 1 521 339 84 242
pos2\person000485.jpg 2 308 130 81 187 379 159 27 77
pos2\person000486.jpg 1 767 309 71 182
pos2\person000487.jpg 2 260 253 84 258 348 288 33 80
pos2\person000488.jpg 1 285 194 134 387
pos2\person000489.jpg 1 566 11 173 634
pos2\person000490.jpg 4 219 354 69 143 294 340 63 141 390 361 53 92 462 361 33 82
pos2\person000491.jpg 2 328 331 54 127 252 336 59 129
pos2\person000492.jpg 1 553 261 101 325
pos2\person000493.jpg 1 565 317 104 270
pos2\person000494.jpg 1 500 25 185 663
pos2\person000495.jpg 2 403 277 105 341 651 322 40 104
pos2\person000496.jpg 2 444 300 84 202 4 305 88 219
pos2\person000497.jpg 1 598 188 110 452
pos2\person000498.jpg 1 635 146 172 513
pos2\person000499.jpg 1 697 228 102 311
pos2\person000500.jpg 2 611 266 88 269 584 311 41 187
pos2\person000501.jpg 4 382 357 51 91 454 366 46 82 321 360 44 107 264 354 65 105
pos2\person000502.jpg 2 403 150 128 426 511 181 112 378
pos2\person000503.jpg 1 661 192 153 460
pos2\person000504.jpg 1 243 340 90 238
pos2\person000505.jpg 1 452 110 175 474
pos2\person000506.jpg 2 406 178 88 355 483 190 96 320
pos2\person000507.jpg 1 594 147 127 503
pos2\person000508.jpg 1 419 4 333 714
pos2\person000509.jpg 1 557 301 148 401
pos2\person000510.jpg 1 771 93 158 586
pos2\person000511.jpg 2 280 280 99 371 35 303 80 186
pos2\person000512.jpg 3 405 367 37 80 446 368 38 65 227 369 46 82
pos2\person000513.jpg 1 106 83 232 633
pos2\person000514.jpg 1 712 105 151 518
pos2\person000515.jpg 2 441 218 134 473 622 254 36 100
pos2\person000516.jpg 1 573 158 267 557
pos2\person000517.jpg 1 533 173 104 448
pos2\person000518.jpg 1 608 51 197 658
pos2\person000519.jpg 1 709 13 168 679
pos2\person000520.jpg 1 435 53 166 659
pos2\person000521.jpg 1 677 205 159 503
pos2\person000522.jpg 1 309 137 218 574
pos2\person000523.jpg 2 167 373 45 77 213 370 45 82
pos2\person000524.jpg 1 585 92 132 505
pos2\person000525.jpg 2 631 168 198 535 321 348 92 316
pos2\person000526.jpg 1 86 48 265 665
pos2\person000527.jpg 2 716 93 135 521 860 196 56 104
pos2\person000528.jpg 2 153 59 240 514 85 159 83 237
pos2\person000529.jpg 1 353 66 205 643
pos2\person000530.jpg 1 807 129 110 344
pos2\person000531.jpg 1 805 203 144 348
pos2\person000532.jpg 1 730 159 192 309
pos2\person000533.jpg 1 883 266 65 170
pos2\person000534.jpg 1 398 366 41 88
pos2\person000535.jpg 2 543 55 276 664 311 174 46 161
pos2\person000536.jpg 1 609 0 323 711
pos2\person000537.jpg 1 809 225 87 266
pos2\person000538.jpg 1 320 330 38 109
pos2\person000539.jpg 3 200 135 226 584 796 135 57 172 735 137 59 162
pos2\person000540.jpg 1 415 58 302 659
pos2\person000541.jpg 1 443 269 119 264
pos2\person000542.jpg 2 260 162 158 465 39 227 209 458
pos2\person000543.jpg 1 37 36 253 675
pos2\person000544.jpg 2 371 111 129 543 477 114 109 366
pos2\person000545.jpg 0
pos2\person000546.jpg 0
pos2\person000547.jpg 2 252 255 190 380 405 103 116 471
pos2\person000548.jpg 1 555 255 61 203
pos2\person000549.jpg 2 519 187 119 415 843 132 102 482
pos2\person000550.jpg 1 473 218 104 364
pos2\person000551.jpg 1 449 245 112 220
pos2\person000552.jpg 0
pos2\person000553.jpg 2 356 202 75 322 581 176 90 249
pos2\person000554.jpg 2 475 181 97 350 586 202 116 383
pos2\person000555.jpg 1 514 228 74 337
pos2\person000556.jpg 1 499 245 75 119
pos2\person000557.jpg 2 503 354 58 102 567 353 63 97
pos2\person000558.jpg 1 479 196 65 251
pos2\person000559.jpg 2 447 258 62 246 503 230 64 318
pos2\person000560.jpg 2 472 201 96 425 425 265 58 227
pos2\person000561.jpg 2 391 201 73 366 497 147 104 432
pos2\person000562.jpg 1 471 131 147 578
pos2\person000563.jpg 1 476 106 171 601
pos2\person000564.jpg 1 320 136 176 482
pos2\person000565.jpg 1 536 44 218 667
pos2\person000566.jpg 1 656 82 122 521
pos2\person000567.jpg 2 748 81 129 632 593 205 83 343
pos2\person000568.jpg 1 590 386 54 95
pos2\person000569.jpg 1 739 286 111 239
pos2\person000570.jpg 2 336 283 90 245 225 296 108 279
pos2\person000571.jpg 1 609 151 78 234
pos2\person000572.jpg 2 693 128 109 381 33 213 127 460
pos2\person000573.jpg 1 565 118 113 379
pos2\person000574.jpg 3 513 108 141 529 684 102 83 372 148 196 72 139
pos2\person000575.jpg 3 257 233 87 174 519 249 48 179 570 234 48 180
pos2\person000576.jpg 1 678 176 116 412
pos2\person000577.jpg 1 606 134 206 571
pos2\person000578.jpg 3 202 97 113 397 827 140 109 339 859 222 64 259
pos2\person000579.jpg 1 520 378 47 102
pos2\person000580.jpg 1 621 37 134 543
pos2\person000581.jpg 1 430 41 194 671
pos2\person000582.jpg 1 477 48 188 630
pos2\person000583.jpg 1 251 238 116 335
pos2\person000584.jpg 1 310 208 113 387
pos2\person000585.jpg 1 666 121 122 385
pos2\person000586.jpg 1 524 120 104 409
pos2\person000587.jpg 2 307 160 113 291 693 151 109 387
pos2\person000588.jpg 1 398 139 148 421
pos2\person000589.jpg 1 568 142 120 270
pos2\person000590.jpg 2 514 388 46 92 577 376 56 105
pos2\person000591.jpg 4 525 56 114 508 270 173 71 175 1 224 171 432 475 151 51 261
pos2\person000592.jpg 1 608 23 268 683
pos2\person000593.jpg 2 823 183 60 249 185 191 58 192
pos2\person000594.jpg 0
pos2\person000595.jpg 1 518 321 64 297
pos2\person000596.jpg 0
pos2\person000597.jpg 0
pos2\person000598.jpg 1 328 116 140 599
pos2\person000599.jpg 1 396 54 213 663
pos2\person000600.jpg 1 125 234 60 127
pos2\person000601.jpg 2 491 377 59 107 552 375 66 109
pos2\person000602.jpg 4 356 246 141 391 162 265 137 352 264 304 86 207 585 260 67 161
pos2\person000603.jpg 2 404 210 101 253 535 238 58 176
pos2\person000604.jpg 0
pos2\person000605.jpg 2 307 133 47 126 619 12 181 392
pos2\person000606.jpg 1 492 158 78 194
pos2\person000607.jpg 1 491 182 83 251
pos2\person000608.jpg 1 493 170 90 300
pos2\person000609.jpg 1 496 179 110 337
pos2\person000610.jpg 2 492 257 57 196 382 259 60 150
pos2\person000611.jpg 3 441 129 140 478 349 196 76 299 94 165 93 327
pos2\person000612.jpg 2 549 379 44 69 465 373 55 52
pos2\person000613.jpg 7 244 365 59 210 299 350 72 204 375 369 60 165 483 381 45 122 628 349 48 190 670 338 54 188 731 322 75 213
pos2\person000614.jpg 3 113 294 145 419 269 289 151 425 407 259 160 454
pos2\person000615.jpg 2 536 303 67 196 589 301 60 190
pos2\person000616.jpg 1 439 182 105 362
pos2\person000617.jpg 1 443 210 111 296
pos2\person000618.jpg 3 530 279 83 217 470 306 29 88 492 302 39 97
pos2\person000619.jpg 4 299 11 208 689 31 80 154 452 575 155 63 249 681 164 106 271
pos2\person000620.jpg 1 433 200 79 261
pos2\person000621.jpg 1 452 319 68 193
pos2\person000622.jpg 4 313 300 127 278 196 293 112 212 576 306 44 135 801 302 90 164
pos2\person000623.jpg 1 452 379 52 54
pos2\person000624.jpg 8 557 266 178 381 779 311 76 193 290 321 51 102 172 320 64 137 38 317 45 90 351 324 23 54 445 334 20 45 550 338 23 30
pos2\person000625.jpg 4 91 323 60 131 166 331 63 109 760 265 145 432 650 311 92 198
pos2\person000626.jpg 1 446 134 238 149
pos2\person000627.jpg 1 298 146 281 439
pos2\person000628.jpg 2 189 214 141 206 513 239 109 113
pos2\person000629.jpg 5 281 169 206 542 525 176 212 539 49 246 184 468 216 226 113 385 450 212 62 346
pos2\person000630.jpg 2 724 326 113 295 815 278 114 346
pos2\person000631.jpg 1 738 369 50 99
pos2\person000632.jpg 2 329 369 39 105 246 362 59 125
pos2\person000633.jpg 2 253 377 48 102 293 380 26 91
pos2\person000634.jpg 1 437 380 48 108
pos2\person000635.jpg 2 487 390 131 217 64 409 40 87
pos2\person000636.jpg 3 394 428 46 139 303 435 54 85 589 434 34 76
pos2\person000637.jpg 2 302 406 96 146 410 421 46 87
pos2\person000638.jpg 5 440 378 74 150 199 390 50 97 680 378 32 93 565 372 54 124 514 373 56 118
pos2\person000639.jpg 4 313 400 53 119 361 391 39 137 548 394 51 116 591 390 42 106
pos2\person000640.jpg 2 400 410 48 81 455 406 51 146
pos2\person000641.jpg 1 490 401 72 183
pos2\person000642.jpg 3 232 434 43 86 262 434 56 90 561 436 57 104
pos2\person000643.jpg 1 341 442 61 92
pos2\person000644.jpg 3 185 444 74 132 748 451 56 128 797 437 83 129
pos2\person000645.jpg 2 404 380 51 100 459 381 51 100
pos2\person000646.jpg 4 458 436 54 105 288 438 28 86 312 435 38 101 618 436 69 126
pos2\person000647.jpg 9 113 333 125 195 89 185 77 164 15 183 87 179 634 163 46 127 735 165 56 167 819 176 56 177 765 327 97 141 475 177 59 105 160 166 94 171
pos2\person000648.jpg 2 554 321 141 382 408 326 58 241
pos2\person000649.jpg 1 472 281 73 252
pos2\person000650.jpg 7 239 159 70 204 301 153 50 149 351 158 67 131 442 159 46 118 582 164 72 118 592 226 120 185 707 168 71 210
pos2\person000651.jpg 5 86 413 186 184 545 404 129 314 664 422 129 295 449 328 27 94 3 374 90 345
pos2\person000652.jpg 5 710 396 167 319 172 417 132 276 541 317 72 205 733 296 69 109 612 434 117 251
pos2\person000653.jpg 3 471 474 181 244 240 464 157 247 92 460 179 236
pos2\person000654.jpg 4 810 347 135 349 712 322 92 234 284 375 52 105 383 348 60 149
pos2\person000655.jpg 1 347 402 33 97
pos2\person000656.jpg 1 460 381 54 113
pos2\person000657.jpg 1 724 253 87 146
pos2\person000658.jpg 2 393 371 58 121 450 381 48 93
pos2\person000659.jpg 2 392 378 61 92 457 374 42 76
pos2\person000660.jpg 1 350 327 49 121
pos2\person000661.jpg 1 336 329 79 172
pos2\person000662.jpg 2 389 313 177 398 324 322 94 195
pos2\person000663.jpg 1 349 313 139 241
pos2\person000664.jpg 1 353 324 149 227
pos2\person000665.jpg 1 271 299 245 382
pos2\person000666.jpg 3 550 266 223 430 374 293 95 233 345 300 32 76
pos2\person000667.jpg 12 52 332 98 177 146 318 53 186 207 314 51 172 262 331 36 140 305 328 35 131 407 338 35 96 378 341 30 98 817 346 62 125 876 353 50 120 752 350 66 157 438 335 34 109 476 344 37 94
pos2\person000668.jpg 1 822 262 123 173
pos2\person000669.jpg 9 256 348 58 171 350 347 58 171 448 347 76 162 570 361 34 100 596 364 44 94 631 361 36 98 659 365 43 99 801 371 36 60 830 359 29 71
pos2\person000670.jpg 4 188 234 65 148 802 270 60 163 241 224 55 155 6 206 62 202
pos2\person000671.jpg 6 697 331 59 144 637 322 55 163 534 308 75 161 433 314 81 129 272 315 50 102 61 326 43 77
pos2\person000672.jpg 5 519 233 58 230 564 297 59 188 393 212 93 237 306 250 108 237 855 224 104 301
pos2\person000673.jpg 6 314 228 116 390 50 234 188 438 699 237 91 200 400 241 84 194 498 257 47 159 537 259 44 134
pos2\person000674.jpg 7 411 276 102 382 176 286 113 372 281 298 99 337 365 295 74 305 501 285 182 430 690 288 115 424 40 289 172 411
pos2\person000675.jpg 5 298 270 164 445 501 282 150 434 617 289 103 386 718 261 207 457 7 303 192 413
pos2\person000676.jpg 5 234 191 163 386 69 191 179 495 402 267 41 119 724 244 100 304 816 228 137 301
pos2\person000677.jpg 7 305 332 120 260 514 346 105 244 115 377 135 258 697 350 233 365 877 369 82 337 624 366 52 180 419 366 65 183
pos2\person000678.jpg 4 407 31 300 678 9 7 226 590 287 130 116 347 238 148 89 271
pos2\person000679.jpg 2 595 256 85 153 778 263 121 150
pos2\person000680.jpg 3 187 54 224 636 406 17 286 697 14 120 138 244
pos2\person000681.jpg 5 660 445 56 198 732 463 65 190 776 437 62 207 843 451 92 209 466 473 41 124
pos2\person000682.jpg 6 139 398 89 240 102 344 64 204 250 379 51 206 343 367 52 178 2 337 100 330 477 383 46 134
pos2\person000683.jpg 2 722 451 138 260 657 410 68 257
pos2\person000684.jpg 4 92 386 119 288 737 346 138 273 530 311 54 124 596 355 96 274
pos2\person000685.jpg 7 401 449 128 233 781 435 83 269 584 442 84 201 662 415 86 213 332 458 61 205 529 417 55 165 486 425 55 181
pos2\person000686.jpg 2 322 284 138 293 560 280 89 331
pos2\person000687.jpg 2 60 198 275 517 364 187 259 526
pos2\person000688.jpg 3 326 325 55 196 430 311 67 263 494 293 83 280
pos2\person000689.jpg 1 358 300 80 243
pos2\person000690.jpg 2 673 228 57 119 799 241 72 105
pos2\person000691.jpg 1 353 342 81 153
pos2\person000692.jpg 2 850 368 55 79 2 379 142 318
pos2\person000693.jpg 2 551 367 285 332 441 392 50 86
pos2\person000694.jpg 2 448 380 48 104 143 393 46 79
pos2\person000695.jpg 4 511 399 151 233 63 394 120 194 460 387 32 58 406 377 32 55
pos2\person000696.jpg 0
pos2\person000697.jpg 4 538 372 108 252 439 364 108 205 299 367 107 223 209 390 99 196
pos2\person000698.jpg 6 483 434 73 157 421 425 64 131 374 428 63 153 319 416 66 167 269 438 88 163 185 423 47 89
pos2\person000699.jpg 6 357 414 57 142 409 405 68 155 489 414 72 148 615 410 48 95 660 410 35 96 691 399 48 105
pos2\person000700.jpg 9 291 329 72 113 370 329 60 120 437 344 54 111 489 338 52 124 560 336 42 106 597 340 47 119 639 337 39 118 669 332 54 123 735 334 45 100
pos2\person000701.jpg 4 243 332 71 129 320 323 68 130 407 333 55 109 749 333 64 111
